$ANSIBLE_VAULT;1.1;AES256
31396263313935616133306539363738636363373561373534323739303334326433363866386561
3664333035396361346464353536363032363236636462660a306437663761396135336533646164
62316237343437303737653731383561653331336237333433643765393931623834343464386635
3061626663343166630a623863613639623365663137663966633266376230346466613230663234
39396337333465336333373061623062653435656230333739326230393731363462643064366239
66663166373930386539326338653766363035343539343936346134643334643265333039643636
33626533626430346362643465396336613835663731623964383338323061376230383162613633
37653835616235343762333262323138303333333639326531646338623363363234303663613239
63363632386137316433646337393334376430663365616636643334333965373265313939633263
37643462623563376361303363636437616166643338623937363134333633373031306436623666
65613931656139623530346538636633616433303431626537306230626233333063323136613663
32613139613434323063
