$ANSIBLE_VAULT;1.1;AES256
30363866343936653936633338363034626433656666313061663865646236363362643561653732
6131616161613333386636353030303466353564363830640a386232656238356363383662636631
31323661643639643937363035643663363434633137346431333236393965346530636538386333
3832646431663731640a646334626435313530366263396561303339353038336465343134333066
30316263383862613139346330363236623838616332623235313136303630633931353133376166
38353934316630386338653533393036666435633932633631343939623864663731323439663164
61306435646438613239373335306234653136616564306161313465316238646134663532613161
35343435393134633230346565653334373663616662636566626261333032636438323965393738
39633032613264396238623663366439623135613465313163393131323262393039393865393266
37643965393837613131386565366238646636653637323561363739643231383938303961383933
34353062646237323539653737353837613735393437636637643235356365323238663236386536
64373633613437386339
