$ANSIBLE_VAULT;1.1;AES256
63356335613362626136306538353836616532333565393638643238333435373738633234343332
3562623337363430363565383030316333333837656364310a663963633865333533656635666433
33363531336264636262623134313530653232393737323264393032316330653236313338346138
6633623531303435320a643933623735366530643961376564346439626434333338336433393531
30643830633363663333626163623830343765323136663939326334353236306438383761626234
39306437393463376532333437316238633461643638303366303064313261336631663762353863
31353331366237306635646162373933396433383863386536633337616564366462343663363832
61363038363566336663333764613437366233356437373539306533643737353965393334373666
66653731313032393461363530356638353739333639373532633466663366356336396138616235
61306566306136633162333865366461303562303362623730363739303262623439613838343264
66313437613565623561623639656462666234313662633235653737613831386665356335393535
63383661646566663963
